     1.000006    0.003217
     0.993200    0.005383
     0.980357    0.009350
     0.965889    0.013447
     0.950767    0.017260
     0.935197    0.020773
     0.919256    0.024053
     0.903036    0.027156
     0.886627    0.030117
     0.870087    0.032960
     0.853447    0.035705
     0.836727    0.038372
     0.819950    0.040975
     0.803141    0.043522
     0.786326    0.046011
     0.769515    0.048439
     0.752708    0.050801
     0.735910    0.053093
     0.719115    0.055314
     0.702311    0.057464
     0.685502    0.059547
     0.668715    0.061558
     0.651985    0.063476
     0.635305    0.065275
     0.618637    0.066945
     0.601940    0.068488
     0.585204    0.069915
     0.568443    0.071234
     0.551669    0.072444
     0.534885    0.073545
     0.518096    0.074536
     0.501305    0.075415
     0.484513    0.076181
     0.467718    0.076834
     0.450923    0.077371
     0.434137    0.077792
     0.417366    0.078090
     0.400602    0.078261
     0.383843    0.078305
     0.367095    0.078219
     0.350370    0.077999
     0.333672    0.077637
     0.316994    0.077126
     0.300331    0.076466
     0.283693    0.075652
     0.267088    0.074681
     0.250523    0.073545
     0.234003    0.072236
     0.217546    0.070748
     0.201181    0.069068
     0.184930    0.067176
     0.168807    0.065047
     0.152816    0.062659
     0.136982    0.059995
     0.121352    0.057034
     0.105980    0.053745
     0.090901    0.050092
     0.076188    0.046057
     0.062007    0.041639
     0.048673    0.036885
     0.036710    0.031936
     0.026766    0.027117
     0.019220    0.022818
     0.013805    0.019188
     0.009947    0.016150
     0.007159    0.013565
     0.005126    0.011304
     0.003663    0.009265
     0.002690    0.007375
     0.002216    0.005601
     0.002268    0.003888
     0.002912    0.002148
     0.004154    0.000408
     0.005955   -0.001371
     0.008379   -0.003278
     0.011629   -0.005399
     0.016074   -0.007846
     0.022287   -0.010747
     0.030926   -0.014168
     0.042177   -0.017936
     0.055417   -0.021700
     0.069820   -0.025198
     0.084874   -0.028358
     0.100338   -0.031176
     0.116091   -0.033685
     0.132057   -0.035914
     0.148178   -0.037885
     0.164436   -0.039619
     0.180808   -0.041142
     0.197254   -0.042469
     0.213762   -0.043608
     0.230329   -0.044571
     0.246940   -0.045371
     0.263579   -0.046011
     0.280238   -0.046496
     0.296920   -0.046828
     0.313637   -0.047016
     0.330384   -0.047068
     0.347157   -0.046993
     0.363944   -0.046798
     0.380733   -0.046484
     0.397522   -0.046051
     0.414308   -0.045501
     0.431094   -0.044832
     0.447885   -0.044047
     0.464677   -0.043151
     0.481464   -0.042143
     0.498245   -0.041025
     0.515022   -0.039796
     0.531795   -0.038459
     0.548546   -0.037018
     0.565237   -0.035468
     0.581849   -0.033788
     0.598407   -0.031958
     0.614938   -0.029973
     0.631433   -0.027837
     0.647854   -0.025543
     0.664193   -0.023073
     0.680482   -0.020409
     0.696770   -0.017543
     0.713137   -0.014479
     0.729666   -0.011254
     0.746281   -0.007979
     0.762756   -0.004802
     0.779080   -0.001805
     0.795298    0.000975
     0.811435    0.003506
     0.827515    0.005763
     0.843550    0.007724
     0.859530    0.009368
     0.875439    0.010667
     0.891251    0.011594
     0.906938    0.012114
     0.922458    0.012190
     0.937756    0.011782
     0.952748    0.010844
     0.967286    0.009338
     0.981042    0.007276
     0.993248    0.004842
     1.000006    0.003217